3 4 5 6 7 8
1.439254762227253 1.945045976559248 2.9945234268815035 1.543183518786499 3.1473371540110264 4.327154893118493
0.6066911948311526 0.0949047156790197 0.40432566164918526 0.04395509384191598 0.0071902638374510275 0.20569119603806385
3 4 5 6 7 8
2.3128811322272496 2.8406503765592515 4.109908036881503 2.854080958786497 3.221055104011029 5.082399653118497
1.4023095590369676 0.9284500728596523 1.5603076319487066 0.02407125665560983 0.016964619983298235 0.5295417871670871
3 4 5 6 7 8
0.8705734422272497 1.717481876559246 2.1566113368815003 2.9777073387865016 2.066293204011025 2.197784273118497
0.03051442972616325 0.006786256140228986 0.15355094749648757 0.38752538357481114 0.04300346171509517 0.0001637577195516826
3 4 5 6 7 8
1.2709230822272444 2.893472556559251 3.5294884568815057 2.7277073287864937 2.1387901440110255 3.476630423118497
0.2739430000751737 0.7182432864092672 0.6291827633482079 0.04493816186987232 0.029685734597258318 0.0002809198956335024
3 4 5 6 7 8
1.643650362227251 2.3983426865592516 3.742600346881506 2.1205644787864983 2.937546954011026 3.618113943118498
0.6323558330865096 0.46768949456328635 1.1683960908868904 0.0059488989199110165 0.016466862305975383 0.005957703728650898
3 4 5 6 7 8
1.6345594522272462 1.6071338865592448 1.9453781268815042 3.1205644787864983 2.4598371540110264 2.4670150331184963
0.6984742088761804 0.017352452676268726 0.046300482732565484 0.3843153059141571 0.04295195066982416 0.09463363028575955
3 4 5 6 7 8
2.077741272227253 3.3269141165592497 3.9752926568815035 3.6771578787864954 2.012721774011027 4.159322733118497
0.7482779891644169 0.4262669535130623 0.22862340461350428 0.013526367296691433 0.13205443824032415 0.10078162451362616
3 4 5 6 7 8
0.9103170322272502 1.7286998265592484 3.144873076881506 2.0335681387864994 2.031952544011027 2.618113943118498
0.09169659012944731 0.004526659734301219 0.8527358390076607 0.002131579604714773 0.03864654963886949 0.058338966839261985
3 4 5 6 7 8
1.190503502227247 0.9642767465592481 2.2252926568815035 3.0079271087864967 2.762721774011027 2.7444875631184935
0.30844490335241215 0.02153726264233491 0.013779171031540471 0.3617513121619851 0.1031298072231408 0.05297760238084592
3 4 5 6 7 8
1.6388884622272455 2.813177846559247 3.4945234268815035 3.148952748786499 1.6857986940110266 3.8687244431184986
0.34768762712498624 0.12317610676286783 0.056278869649705854 0.021691215928591134 0.8219540168061528 0.01280396565796238
3 4 5 6 7 8
2.1686503622272495 1.755485536559247 3.4176003468815033 3.097670708786495 2.9742602340110267 4.368113943118498
1.3362548001436947 0.008034425030961856 0.9204136606308388 0.14126429309109767 0.1527801520191332 0.050468259552484795
3 4 5 6 7 8
1.2519837022272453 1.5796613665592485 2.109908036881503 1.9694655687864966 2.801183314011027 2.415732983118499
0.40607001762502204 0.09287519379575748 0.03503591577461762 0.12150814087944894 0.08253146324732086 0.020039503491151578
3 4 5 6 7 8
1.3436503622272467 2.425815216559249 3.7926003468815033 2.046388648786497 0.9165679240110265 4.467015033118496
0.3891378147448732 0.2304363573497934 0.8336114496861562 0.016097403605250804 0.03398987016316113 0.003534084796893211
3 4 5 6 7 8
1.8412694022272502 2.3523109365592543 2.9913182968815057 2.4117732687864972 2.967849984011025 4.303553503118497
1.0399373697704517 0.5715730866552615 0.6763590920063116 0.006636238526297689 0.017747918272952745 0.10674549835851721
3 4 5 6 7 8
1.058801872227252 1.2417492765592453 2.0009336768815054 1.647350188786497 2.3341503440110287 2.665732983118499
0.2650071081521288 0.07099651893685355 0.0370780493478442 0.014239412888201741 0.11797799138346221 0.06569926212629795
