20.0 21.0 22.0 23.0 24.0 25.0 26.0 27.0 28.0 29.0 30.0
5.651098910000002 5.458791210000001 4.702380959999999 4.151098910000002 3.7142857199999995 3.1510989100000018 2.678571429999998 1.8049450600000014 1.689560440000001 1.5357142900000014 1.0
1.0257457577994344 1.2034663099754823 0.8170843121515219 0.6358305143275729 0.569045576503612 0.3758870186796628 0.27338779085570764 -0.2302103269682476 0.024433305207800515 0.24061540738384224 0.07492936955988938
20.0 21.0 22.0 23.0 24.0 25.0 26.0 27.0 28.0 29.0 30.0
4.30769231 3.69230769 3.3461538500000003 3.071428570000002 2.666666669999998 2.26923077 1.8846153799999996 1.5 1.4615384599999999 0.9615384599999999 0.5769230800000003
-0.24516555595141654 -0.49632154667530415 -0.47824675739919087 -0.3887434081230765 -0.42927667884696064 -0.4624839495708528 -0.4828707102947334 -0.5032574610186202 -0.1774903717425076 -0.3132617424663948 -0.33364849319028167
20.0 21.0 22.0 23.0 24.0 25.0 26.0 27.0 28.0 29.0 30.0
5.11538462 4.61538462 4.166666669999998 3.69230769 3.3846153799999996 3.5 3.2857142900000014 2.96153846 2.4230769199999997 2.0 1.4230769199999997
1.6151387345787995 1.395158405412495 1.226460126246188 1.0321208170798855 1.0044481779135879 1.3998524687472838 1.4655864295809806 1.4214302704146746 1.16298840124837 1.0199311520820658 0.723027742915761
20.0 21.0 22.0 23.0 24.0 25.0 26.0 27.0 28.0 29.0 30.0
5.53846154 5.03846154 4.84615385 4.46153846 4.26923077 4.0 3.5769230800000003 3.03846154 2.53846154 2.03846154 1.4967948700000022
1.0067338938542179 0.8692721055458819 1.039502627237539 1.0174254489292025 1.1876559706208667 1.2809634123125306 1.220424704004195 1.0445013756958588 0.9070395873875157 0.7695777990791797 0.5904493407708458
20.0 21.0 22.0 23.0 24.0 25.0 26.0 27.0 28.0 29.0 30.0
4.247252750000001 3.978021980000001 3.25 2.670329670000001 2.178571429999998 1.939560440000001 1.5 1.2472527500000012 0.9780219800000012 0.7472527500000012 0.20879121000000112
-0.34954056427609714 -0.2510278691340133 -0.6113063839919235 -0.8232332488498386 -0.9472480237077505 -0.8185155485656566 -0.8903325234235737 -0.7753363082814815 -0.6768236131393977 -0.5398493779973066 -0.7105674528552228
20.0 21.0 22.0 23.0 24.0 25.0 26.0 27.0 28.0 29.0 30.0
4.807692299999999 4.807692299999999 4.576923069999999 4.46153846 4.1153846099999996 3.8846153799999996 3.5 2.9230769199999997 2.4230769199999997 1.9230769199999997 1.280219780000003
1.2073644409574484 1.4953906696808446 1.5526476684042478 1.7252892871276515 1.6671616658510686 1.724418664574472 1.6278295132978684 1.3389326620212785 1.1269588907446746 0.9149851194680849 0.5601542081914914
20.0 21.0 22.0 23.0 24.0 25.0 26.0 27.0 28.0 29.0 30.0
5.42307692 5.214743589999998 4.88461538 4.69230769 4.19230769 3.73076923 3.0769230699999994 2.601648349999998 2.0769230699999994 1.4615384599999999 0.6538461499999997
-0.6199380030129049 -0.34483013917187577 -0.19151715533083546 0.09961634851019596 0.0830575423512272 0.10496027619225856 -0.06544468996671071 -0.05727821612568107 -0.09856230228464824 -0.23050571844360945 -0.5547568346025784
20.0 21.0 22.0 23.0 24.0 25.0 26.0 27.0 28.0 29.0 30.0
4.4642857199999995 3.985714290000004 3.670329670000001 3.0714285800000027 2.3241758300000015 2.0357142900000014 1.6318681400000017 1.3626373700000016 1.178571429999998 0.8571428600000033 0.7087912100000011
0.3711835095109848 0.22006025635010928 0.2321238131892258 -0.03932909997165268 -0.45913367313252706 -0.42014703629340744 -0.49654500945428737 -0.4383276026151677 -0.29494536577604435 -0.2889257589369194 -0.10982923209780182
20.0 21.0 22.0 23.0 24.0 25.0 26.0 27.0 28.0 29.0 30.0
4.695054939999999 4.579670329999999 3.9642857099999986 3.2142857099999986 2.5476190400000007 2.310439559999999 2.310439559999999 2.2857142800000005 1.7976190400000007 1.3809523799999965 0.9258241699999985
1.3025218674044652 1.4585399032121131 1.1145579290197531 0.6359605748273935 0.24069655063503603 0.27491971644268176 0.5463223622503222 0.7929997280579641 0.5763071338656118 0.43104311967324804 0.2473175554808904
20.0 21.0 22.0 23.0 24.0 25.0 26.0 27.0 28.0 29.0 30.0
5.059523809999995 4.873626369999997 5.0659340599999965 4.464285709999999 4.027472519999996 3.6043955999999966 2.928571429999998 2.5274725199999963 2.209523809999993 1.7967032899999964 1.2857142799999934
-0.32047966959274987 -0.07597683122532572 0.5467311371420891 0.3754830655095134 0.3690701538769332 0.37639351224434847 0.1309696206117721 0.16027098897919245 0.27272255734661144 0.29030231571402965 0.2097135840814488
20.0 21.0 22.0 23.0 24.0 25.0 26.0 27.0 28.0 29.0 30.0
5.76923077 5.34615385 4.69230769 4.178571429999998 3.6153846200000004 3.03846154 2.5 1.8846153799999996 1.3846153799999996 0.7307692299999999 0.4285714299999981
1.1448109806469233 1.0916876437951686 0.8077950669434273 0.6640123900916706 0.47077916323991076 0.2638096663881555 0.09530170953640038 -0.150129327315355 -0.28017574416711 -0.5640683110188576 -0.4963125278706144
20.0 21.0 22.0 23.0 24.0 25.0 26.0 27.0 28.0 29.0 30.0
4.813186809999998 4.357142859999996 3.7362637399999983 3.428571429999998 3.5439560499999985 3.178571429999998 3.0357142900000014 2.7747252799999984 1.9670329699999982 1.8928571399999967 1.178571429999998
1.2885464574907246 1.1144737356914618 0.7755658438922097 0.7498447620929483 1.1472006102936874 1.0637872184944328 1.2029013066951748 1.2238835248959177 0.6981624430966562 0.9059578412974005 0.4736433594981406
20.0 21.0 22.0 23.0 24.0 25.0 26.0 27.0 28.0 29.0 30.0
5.642857139999997 5.258241759999997 5.0659340599999965 4.912087909999997 3.989010989999997 3.758241759999997 3.258241759999997 2.758241759999997 2.0274725199999963 1.3214285699999948 0.6428571399999967
0.8702944025881365 0.8674840415810863 1.056981360574035 1.2849402295669918 0.7436683285599415 0.8947041175528838 0.7765091365458332 0.6583141555387826 0.3093499345317312 -0.014888996475328042 -0.31165540748236964
20.0 21.0 22.0 23.0 24.0 25.0 26.0 27.0 28.0 29.0 30.0
4.92307692 4.42307692 3.8461538399999995 3.208791210000001 2.76923077 2.280219780000003 1.6538461499999997 1.4587912100000011 1.2445054900000017 0.8461538399999995 0.5384615400000001
0.4712322952400143 0.32737986522081286 0.10660435520161116 -0.17461070481758867 -0.25802357483678406 -0.39088699485598966 -0.6611130548751873 -0.5000204248943874 -0.35815857491358827 -0.4003626549327919 -0.3519073849519998
20.0 21.0 22.0 23.0 24.0 25.0 26.0 27.0 28.0 29.0 30.0
4.428571429999998 4.19230769 4.34615385 4.19230769 3.5 3.2857142900000014 2.625 2.19230769 1.5357142900000014 1.0 0.46428570999999863
1.1210932463536523 1.1494277610453665 1.5678721757370724 1.6786242704287773 1.2509148351204828 1.3012273798121967 0.9051113445039007 0.7370172891956059 0.34502214388732 0.07390610857902402 -0.19720992672927196
