0	0.25	0.5	0.75	1	1.25	1.5	1.75	2	2.25	2.5	2.75	3	3.25	3.5	3.75	4	4.25	4.5	4.75	5	5.25	5.5	5.75	6	6.25	6.5	6.75	7	7.25	7.5	7.75	8	8.25	8.5	8.75	9	9.25	9.5	9.75	10	10.25	10.5	10.75	11	11.25	11.5	11.75	12	12.25	12.5	12.75	13	13.25
39.58333333	39.25	38.55555556	37.63888889	37.25	36.63888889	35.85	35.02777778	34.55	34.15	33.45	33	32.22222222	31.95	31.3	30.75	30.15	29.70454545	29	28.52777778	28	27.65	27.05	26.6	26.25	25.75	25.4	25.1	24.5	24.15	23.6	23.25	22.9	22.65	22	21.85	21.45	20.95	20.5	20.25	19.83333333	19.6	19.05	18.86111111	18.44444444	18.1	17.7	17.2	17.05	16.55	16.16666667	15.75	15.38888889	14.9

0	0.25	0.5	0.75	1	1.25	1.5	1.75	2	2.25	2.5	2.75	3	3.25	3.5	3.75	4	4.25	4.5	4.75	5	5.25	5.5	5.75	6	6.25	6.5	6.75	7	7.25	7.5	7.75	8	8.25	8.5	8.75	9	9.25	9.5	9.75	10	10.25	10.5	10.75	11	11.25	11.5	11.75	12	12.25	12.5	12.75	13	13.25	13.5	13.75	14	14.25	14.5	14.75	15	15.25	15.5	15.75	16	16.25	16.5	16.75	17		
38.3	37.91666667	37.3	36.85	36.79166667	35.05769231	34.78571429	34.83333333	33.5	33.91666667	32.82142857	32.78846154	32.17857143	30.71153846	31.5	30.36538462	29.96666667	28.5	28.23076923	27.51923077	27.53571429	26.36538462	26.89285714	26.55	25.11538462	25.03571429	23.15384615	23.21153846	23.42857143	21.90384615	21.60714286	22.40384615	23	21.78571429	21.15384615	21.36538462	21.10714286	21.21428571	20.38461538	19.67857143	19.5	19.98076923	19.5	17.75	17.76923077	18.09615385	16.82142857	16.32142857	16.28571429	15.64285714	15.78571429	14	13.76923077	14.10714286	13.92307692	13.28571429	12.92857143	12.75	12.03846154	12.36538462	12	12.35714286	11.19230769	10.90384615	9.846153846	9.596153846	9.076923077	9.096153846	8.269230769		

0	0.25	0.5	0.75	1	1.25	1.5	1.75	2	2.25	2.5	2.75	3	3.25	3.5	3.75	4	4.25	4.5	4.75	5	5.25	5.5	5.75	6	6.25	6.5	6.75	7	7.25	7.5	7.75	8	8.25	8.5	8.75	9	9.25	9.5	9.75	10	10.25	10.5	10.75	11	11.25	11.5	11.75	12	12.25	12.5	12.75
37.25	36.7	36.3	35.7	35.15	34.75	34.3	33.4	32.75	32.65	32.15	31.1	30.35	29.9	29.6	29	28.45	28.05555556	27.63888889	27.22222222	26.7	26.45	25.5	25.44444444	24.65	24.2	24.02272727	23.61111111	23.25	22.8125	22.3	21.94444444	21.6	21.05	20.8	20.33333333	19.75	19.54545455	19.02777778	18.85	18.25	18.05555556	17.5	17	16.65	16.35	16.25	15.4	15.15	14.5	14.25	14

0	0.25	0.5	0.75	1	1.25	1.5	1.75	2	2.25	2.5	2.75	3	3.25	3.5	3.75	4	4.25	4.5	4.75	5	5.25	5.5	5.75	6	6.25	6.5	6.75	7	7.25	7.5	7.75	8	8.25	8.5	8.75	9	9.25	9.5	9.75	10	10.25	10.5	10.75	11	11.25	11.5	11.75	12	12.25	12.5	12.75	13	13.25	13.5	13.75	14	14.25	14.5	14.75	15	15.25	15.5	15.75	16	16.25	16.5	16.75	17	17.25	17.5
49	48.57142857	48.26923077	47.75	47.11538462	46.75	46.53571429	45.98076923	45.5	45.03571429	44.5	44.21153846	43.42857143	43.36538462	42.84615385	42.53571429	41.9	41.51923077	41.38461538	40.90384615	40.5	40.17857143	39.64285714	39.25	39.07692308	38.55769231	38.15384615	37.75	37.46153846	36.91666667	36.92307692	36.21153846	35.80769231	35.75	35.5	34.94230769	34.61538462	34.36538462	34.03846154	33.5	33.17857143	32.82142857	32.57142857	32.21153846	32.19230769	31.94230769	31.26923077	30.86538462	30.71428571	30.75	30.33333333	29.82692308	30	29.48076923	28.88461538	29.32692308	28.96153846	27.85714286	27.57692308	27.48076923	27.66666667	27.09615385	26.42307692	26.78846154	26.30769231	25.75	25.38461538	24.82142857	24.65384615	24.28571429	23.92307692
