2 0.0 38.5
2 0.25 38.0
2 0.5 37.625
2 0.75 36.5
2 1.0 36.51923077
2 1.25 35.91666667
2 1.5 35.30555556
2 1.75 34.6
2 2.0 34.3
2 2.25 33.91666667
2 2.5 32.80555556
2 2.75 33.0
2 3.0 31.82692308
2 3.25 31.272727269999997
2 3.5 31.125
2 3.75 30.833333330000002
2 4.0 30.071428570000002
2 4.25 29.799999999999997
2 4.5 29.416666669999998
2 4.75 28.61538462
2 5.0 28.36538462
2 5.25 27.84615385
2 5.5 27.36538462
2 5.75 26.88461538
2 6.0 26.59615385
2 6.25 26.071428570000002
2 6.5 25.94230769
2 6.75 25.38461538
2 7.0 24.86538462
2 7.25 24.5
2 7.5 24.48076923
2 7.75 23.833333330000002
2 8.0 23.63461538
2 8.25 23.07692308
2 8.5 22.392857139999997
2 8.75 22.30769231
2 9.0 21.642857139999997
2 9.25 21.321428570000002
2 9.5 20.63461538
2 9.75 20.61538462
2 10.0 20.03571429
2 10.25 19.375
2 10.5 19.03571429
2 10.75 18.5
2 11.0 18.03571429
2 11.25 17.76923077
2 11.5 17.28846154
2 11.75 16.71428571
2 12.0 16.178571429999998
2 12.25 15.964285709999999
2 12.5 15.75
2 12.75 15.03846154
2 13.0 14.86538462
2 13.25 14.34615385
2 13.5 13.86538462
2 13.75 13.57692308
2 14.0 13.13461538
2 14.25 12.69230769
2 14.5 12.40384615
2 14.75 12.0
2 15.0 11.71153846
2 15.25 11.15384615
2 15.5 10.94230769
2 15.75 10.57692308
2 16.0 10.05769231
2 16.25 9.84615385
2 16.5 9.291666669999998
2 16.75 9.07692308
2 17.0 8.59615385
2 17.25 8.42307692
2 17.5 7.857142860000003
2 17.75 7.5
2 18.0 7.25
2 18.25 7.0
3 0.0 38.0
3 0.25 37.1
3 0.5 36.63888889
3 0.75 36.25
3 1.0 35.82692308
3 1.25 35.07692308
3 1.5 34.25
3 1.75 33.57692308
3 2.0 33.17307692
3 2.25 32.80769231
3 2.5 32.29166667
3 2.75 31.57692308
3 3.0 31.28846154
3 3.25 30.96153846
3 3.5 30.17307692
3 3.75 29.46153846
3 4.0 29.25
3 4.25 29.03846154
3 4.5 28.083333330000002
3 4.75 27.71428571
3 5.0 27.25
3 5.25 26.76923077
3 5.5 26.21153846
3 5.75 25.76923077
3 6.0 25.28846154
3 6.25 25.083333330000002
3 6.5 24.55769231
3 6.75 24.38461538
3 7.0 23.82692308
3 7.25 23.28571429
3 7.5 22.75
3 7.75 22.26923077
3 8.0 22.09615385
3 8.25 21.42307692
3 8.5 21.21153846
3 8.75 20.454545449999998
3 9.0 20.40384615
3 9.25 20.03846154
3 9.5 19.98076923
3 9.75 19.23076923
3 10.0 18.86538462
3 10.25 18.71428571
3 10.5 18.36538462
3 10.75 17.92307692
3 11.0 17.67307692
3 11.25 17.357142860000003
3 11.5 16.94230769
3 11.75 16.392857139999997
3 12.0 15.86538462
3 12.25 15.73076923
3 12.5 15.32692308
3 12.75 14.92307692
3 13.0 14.464285709999999
3 13.25 14.15384615
3 13.5 13.55769231
3 13.75 13.19230769
3 14.0 12.71153846
3 14.25 12.34615385
3 14.5 11.892857139999997
3 14.75 11.42307692
3 15.0 11.13461538
3 15.25 10.571428570000002
4 0.0 36.25
4 0.25 35.70833333
4 0.5 34.98076923
4 0.75 34.71428571
4 1.0 34.25
4 1.25 33.80769231
4 1.5 33.36538462
4 1.75 32.73076923
4 2.0 32.09615385
4 2.25 31.65384615
4 2.5 30.94230769
4 2.75 29.96153846
4 3.0 29.82692308
4 3.25 29.416666669999998
4 3.5 29.01923077
4 3.75 28.69230769
4 4.0 28.01923077
4 4.25 27.607142860000003
4 4.5 27.44230769
4 4.75 26.416666669999998
4 5.0 26.333333330000002
4 5.25 26.107142860000003
4 5.5 25.21428571
4 5.75 25.15384615
4 6.0 24.63461538
4 6.25 24.208333330000002
4 6.5 24.01923077
4 6.75 23.625
4 7.0 23.05769231
4 7.25 22.80769231
4 7.5 22.53571429
4 7.75 22.178571429999998
4 8.0 21.96428571
4 8.25 21.458333330000002
4 8.5 21.083333330000002
4 8.75 20.46428571
4 9.0 20.25
4 9.25 19.75
4 9.5 19.357142860000003
4 9.75 19.0
4 10.0 18.44230769
4 10.25 18.0
4 10.5 17.63461538
4 10.75 17.23076923
4 11.0 16.55769231
4 11.25 16.142857139999997
4 11.5 15.63461538
4 11.75 15.625
5 0.0 36.0
5 0.25 35.75
5 0.5 35.5
5 0.75 35.40384615
5 1.0 34.19230769
5 1.25 33.41666667
5 1.5 33.42307692
5 1.75 32.90384615
5 2.0 32.69230769
5 2.25 31.67307692
5 2.5 31.53846154
5 2.75 31.17307692
5 3.0 30.69230769
5 3.25 30.36538462
5 3.5 30.03846154
5 3.75 29.51923077
5 4.0 29.0
5 4.25 28.55769231
5 4.5 27.42307692
5 4.75 27.94230769
5 5.0 27.69230769
5 5.25 27.21153846
5 5.5 26.53846154
5 5.75 26.40384615
5 6.0 25.73076923
5 6.25 25.178571429999998
5 6.5 24.25
5 6.75 24.44230769
5 7.0 23.46153846
5 7.25 23.541666669999998
5 7.5 23.11538462
5 7.75 22.82692308
5 8.0 22.07692308
5 8.25 21.59615385
5 8.5 20.96153846
5 8.75 21.01923077
5 9.0 20.208333330000002
5 9.25 19.75
5 9.5 19.5
5 9.75 19.125
5 10.0 18.5
6 0.0 37.25
6 0.25 36.65
6 0.5 36.38888889
6 0.75 35.875
6 1.0 35.125
6 1.25 34.80555556
6 1.5 34.3125
6 1.75 34.14285714
6 2.0 33.11538462
6 2.25 33.0
6 2.5 32.38461538
6 2.75 31.928571429999998
6 3.0 31.166666669999998
6 3.25 30.71153846
6 3.5 30.53846154
6 3.75 30.09615385
6 4.0 29.5
6 4.25 29.13461538
6 4.5 28.76923077
6 4.75 28.32692308
6 5.0 27.84615385
6 5.25 27.642857139999997
6 5.5 27.07692308
6 5.75 26.94230769
6 6.0 26.46153846
6 6.25 26.09615385
6 6.5 25.571428570000002
6 6.75 25.21153846
6 7.0 24.833333330000002
6 7.25 23.67307692
6 7.5 22.84615385
6 7.75 23.55769231
6 8.0 22.88461538
6 8.25 22.32692308
6 8.5 21.88461538
6 8.75 21.67307692
6 9.0 20.928571429999998
7 0.0 35.4
7 0.25 35.875
7 0.5 34.95
7 0.75 34.17307692
7 1.0 32.79166667
7 1.25 34.17307692
7 1.5 33.25
7 1.75 32.48076923
7 2.0 32.125
7 2.25 31.977272730000003
7 2.5 31.53846154
7 2.75 30.96428571
7 3.0 30.69230769
7 3.25 29.94230769
7 3.5 29.583333330000002
7 3.75 28.96428571
7 4.0 27.76923077
7 4.25 27.86538462
7 4.5 27.571428570000002
7 4.75 27.09615385
7 5.0 26.857142860000003
7 5.25 26.13461538
7 5.5 25.73076923
7 5.75 25.178571429999998
7 6.0 24.80769231
7 6.25 24.63461538
7 6.5 23.96153846
8 0.0 36.75
8 0.25 35.75
8 0.5 34.94230769
8 0.75 35.34615385
8 1.0 34.67307692
8 1.25 33.88461538
8 1.5 33.54166667
8 1.75 33.10714286
8 2.0 32.57142857
8 2.25 32.0
8 2.5 31.44230769
8 2.75 31.34615385
8 3.0 30.5
8 3.25 30.21428571
8 3.5 29.55769231
8 3.75 29.208333330000002
8 4.0 28.892857139999997
8 4.25 28.46153846
8 4.5 28.071428570000002
8 4.75 27.46428571
8 5.0 26.98076923
8 5.25 26.392857139999997
