2 0.0 40.25
2 0.25 39.5
2 0.5 39.25
2 0.75 38.5
2 1.0 37.55
2 1.25 37.33333333
2 1.5 36.5
2 1.75 35.58333333
2 2.0 35.67857143
2 2.25 34.75
2 2.5 34.45
2 2.75 33.2
2 3.0 33.0625
2 3.25 32.45833333
2 3.5 31.96428571
2 3.75 31.4375
2 4.0 30.75
2 4.25 30.541666669999998
2 4.5 29.875
2 4.75 29.36363636
2 5.0 28.861111110000003
2 5.25 28.30769231
2 5.5 27.90384615
2 5.75 27.5
2 6.0 27.041666669999998
2 6.25 26.46153846
2 6.5 26.13461538
2 6.75 25.590909089999997
2 7.0 25.21153846
2 7.25 24.69230769
2 7.5 24.25
2 7.75 24.03571429
2 8.0 23.716666670000002
2 8.25 23.19230769
2 8.5 22.75
2 8.75 22.28571429
2 9.0 22.28571429
2 9.25 21.80769231
2 9.5 21.28846154
2 9.75 21.0
2 10.0 20.75
2 10.25 20.15384615
2 10.5 19.78846154
2 10.75 19.42307692
2 11.0 19.01923077
2 11.25 18.428571429999998
2 11.5 18.17307692
2 11.75 17.69230769
2 12.0 17.208333330000002
2 12.25 16.833333330000002
2 12.5 16.51923077
2 12.75 16.0
2 13.0 15.71153846
2 13.25 15.23076923
2 13.5 14.78846154
2 13.75 14.321428570000002
2 14.0 13.821428570000002
2 14.25 13.61538462
2 14.5 13.071428570000002
2 14.75 12.642857139999997
2 15.0 12.285714290000001
2 15.25 12.0
2 15.5 11.44230769
2 15.75 11.0
2 16.0 10.678571429999998
2 16.25 10.03846154
2 16.5 9.916666669999998
2 16.75 9.464285709999999
2 17.0 8.86538462
2 17.25 8.53846154
2 17.5 8.035714290000001
2 17.75 7.73076923
2 18.0 7.09615385
2 18.25 6.92307692
2 18.5 6.28846154
2 18.75 6.0
2 19.0 5.63461538
2 19.25 5.03846154
2 19.5 4.75
2 19.75 4.399999999999999
2 20.0 3.821428570000002
2 20.25 3.4230769199999997
2 20.5 2.8571428600000033
2 20.75 2.5
3 0.0 38.91666667
3 0.25 37.5
3 0.5 37.5
3 0.75 36.65
3 1.0 36.55
3 1.25 35.72727273
3 1.5 35.36111111
3 1.75 35.1875
3 2.0 33.96428571
3 2.25 33.68181818
3 2.5 32.93181818
3 2.75 32.625
3 3.0 31.75
3 3.25 31.416666669999998
3 3.5 30.96428571
3 3.75 30.46153846
3 4.0 29.9
3 4.25 29.458333330000002
3 4.5 29.125
3 4.75 28.583333330000002
3 5.0 28.291666669999998
3 5.25 27.80769231
3 5.5 27.36538462
3 5.75 27.0
3 6.0 26.40384615
3 6.25 25.928571429999998
3 6.5 25.28571429
3 6.75 25.0
3 7.0 24.44230769
3 7.25 24.19230769
3 7.5 23.78846154
3 7.75 23.5
3 8.0 23.09615385
3 8.25 22.571428570000002
3 8.5 22.28846154
3 8.75 21.88461538
3 9.0 21.32692308
3 9.25 21.0
3 9.5 20.607142860000003
3 9.75 20.0
3 10.0 19.678571429999998
3 10.25 19.38461538
3 10.5 18.857142860000003
3 10.75 18.57692308
3 11.0 18.25
3 11.25 17.96153846
3 11.5 17.75
3 11.75 17.25
3 12.0 16.86538462
3 12.25 16.607142860000003
3 12.5 16.21428571
3 12.75 15.799999999999997
3 13.0 15.321428570000002
3 13.25 15.03846154
3 13.5 14.75
3 13.75 14.464285709999999
3 14.0 13.857142860000003
3 14.25 13.5
3 14.5 13.17307692
3 14.75 13.0
3 15.0 12.67307692
3 15.25 12.46153846
3 15.5 11.82692308
3 15.75 11.42307692
3 16.0 10.78846154
3 16.25 10.571428570000002
3 16.5 10.071428570000002
3 16.75 9.46153846
3 17.0 9.21153846
3 17.25 8.53846154
3 17.5 8.28846154
3 17.75 7.76923077
3 18.0 7.13461538
3 18.25 6.5
4 0.0 37.1875
4 0.25 36.78571429
4 0.5 36.46153846
4 0.75 35.86538462
4 1.0 35.15384615
4 1.25 34.79166667
4 1.5 34.23076923
4 1.75 33.59615385
4 2.0 33.19230769
4 2.25 32.63461538
4 2.5 32.17857143
4 2.75 31.75
4 3.0 31.166666669999998
4 3.25 30.71153846
4 3.5 30.26923077
4 3.75 29.71153846
4 4.0 29.38461538
4 4.25 28.71428571
4 4.5 28.166666669999998
4 4.75 27.916666669999998
4 5.0 27.5
4 5.25 27.05769231
4 5.5 26.642857139999997
4 5.75 26.13461538
4 6.0 25.53846154
4 6.25 25.25
4 6.5 24.65384615
4 6.75 24.321428570000002
4 7.0 24.0
4 7.25 23.55769231
4 7.5 23.11538462
4 7.75 22.642857139999997
4 8.0 22.428571429999998
4 8.25 21.958333330000002
4 8.5 21.53846154
4 8.75 21.25
4 9.0 20.96153846
4 9.25 20.392857139999997
4 9.5 20.0
4 9.75 19.642857139999997
4 10.0 19.34615385
4 10.25 18.94230769
4 10.5 18.53571429
4 10.75 18.25
4 11.0 17.96153846
4 11.25 17.44230769
4 11.5 17.107142860000003
4 11.75 16.71153846
4 12.0 16.5
4 12.25 16.17307692
4 12.5 15.92307692
4 12.75 15.63461538
4 13.0 15.0
4 13.25 14.75
4 13.5 14.416666669999998
4 13.75 13.928571429999998
4 14.0 13.892857139999997
4 14.25 13.321428570000002
4 14.5 13.03846154
4 14.75 12.75
4 15.0 12.46153846
4 15.25 12.05769231
4 15.5 11.428571429999998
5 0.0 36.75
5 0.25 36.5
5 0.5 35.88636364
5 0.75 35.72727273
5 1.0 35.29166667
5 1.25 34.625
5 1.5 34.11363636
5 1.75 33.68181818
5 2.0 33.29166667
5 2.25 32.53846154
5 2.5 32.13461538
5 2.75 31.590909089999997
5 3.0 31.25
5 3.25 30.833333330000002
5 3.5 30.549999999999997
5 3.75 30.033333329999998
5 4.0 29.67307692
5 4.25 29.03846154
5 4.5 28.642857139999997
5 4.75 28.03846154
5 5.0 27.75
5 5.25 27.5
5 5.5 26.75
5 5.75 26.96153846
5 6.0 26.0
5 6.25 25.53846154
5 6.5 25.25
5 6.75 24.92307692
5 7.0 24.32692308
5 7.25 24.0
5 7.5 23.821428570000002
5 7.75 23.21428571
5 8.0 22.86538462
5 8.25 22.78571429
5 8.5 22.25
5 8.75 21.88461538
5 9.0 21.44230769
5 9.25 21.071428570000002
5 9.5 20.71428571
5 9.75 20.38461538
5 10.0 19.875
5 10.25 19.53846154
5 10.5 19.25
5 10.75 18.96153846
5 11.0 18.51923077
5 11.25 18.0
5 11.5 17.67307692
5 11.75 17.07692308
5 12.0 16.75
5 12.25 16.46153846
5 12.5 16.142857139999997
5 12.75 15.53846154
5 13.0 15.25
5 13.25 14.678571429999998
5 13.5 14.25
5 13.75 13.535714290000001
6 0.0 36.75
6 0.25 36.25
6 0.5 35.83333333
6 0.75 35.75
6 1.0 35.5
6 1.25 35.25
6 1.5 34.25
6 1.75 33.75
6 2.0 33.25
6 2.25 32.5625
6 2.5 32.33333333
6 2.75 31.75
6 3.0 31.375
6 3.25 30.65
6 3.5 30.19230769
6 3.75 29.875
6 4.0 29.625
6 4.25 28.916666669999998
6 4.5 28.388888889999997
6 4.75 28.125
6 5.0 27.444444439999998
6 5.25 26.85
6 5.5 26.549999999999997
6 5.75 26.17307692
6 6.0 25.63636364
6 6.25 25.204545449999998
6 6.5 24.75
6 6.75 24.5
6 7.0 24.07692308
6 7.25 23.78846154
6 7.5 23.23076923
6 7.75 22.75
6 8.0 22.416666669999998
6 8.25 21.90384615
6 8.5 21.61538462
6 8.75 21.25
6 9.0 20.96153846
6 9.25 20.32692308
6 9.5 20.0
6 9.75 19.75
6 10.0 19.46153846
6 10.25 19.142857139999997
6 10.5 18.42307692
6 10.75 17.75
6 11.0 17.46153846
7 0.0 36.0
7 0.25 35.75
7 0.5 35.14285714
7 0.75 34.75
7 1.0 34.0
7 1.25 34.08333333
7 1.5 33.16666667
7 1.75 32.41666667
7 2.0 32.07142857
7 2.25 31.8125
7 2.5 31.25
7 2.75 30.694444439999998
7 3.0 30.1875
7 3.25 29.583333330000002
7 3.5 29.22222222
7 3.75 28.678571429999998
7 4.0 28.3125
7 4.25 27.75
7 4.5 27.357142860000003
7 4.75 26.875
7 5.0 26.35
7 5.25 25.791666669999998
7 5.5 25.666666669999998
7 5.75 25.36538462
7 6.0 24.63636364
7 6.25 24.283333329999998
7 6.5 23.88461538
7 6.75 23.48076923
7 7.0 23.46428571
7 7.25 22.59615385
7 7.5 22.0
7 7.75 21.71153846
7 8.0 21.46153846
7 8.25 21.25
7 8.5 20.96153846
7 8.75 20.28846154
7 9.0 20.0
8 0.0 35.25
8 0.25 35.0
8 0.5 33.96428571
8 0.75 33.83333333
8 1.0 33.08333333
8 1.25 32.3125
8 1.5 32.75
8 1.75 31.583333330000002
8 2.0 31.333333330000002
8 2.25 31.388888889999997
8 2.5 30.416666669999998
8 2.75 29.555555560000002
8 3.0 29.125
8 3.25 29.65384615
8 3.5 28.25
8 3.75 27.81818182
8 4.0 27.299999999999997
8 4.25 26.958333330000002
8 4.5 26.361111110000003
8 4.75 25.875
8 5.0 25.88636364
8 5.25 25.5
8 5.5 24.71153846
8 5.75 25.11538462
8 6.0 23.88636364
8 6.25 23.916666669999998
8 6.5 23.05769231
8 6.75 22.916666669999998
8 7.0 22.678571429999998
8 7.25 22.0
8 7.5 21.75
8 7.75 21.23076923
8 8.0 20.71428571
8 8.25 20.21428571
