2 0.0 39.9375
2 0.25 39.75
2 0.5 38.85
2 0.75 39.03571429
2 1.0 37.83333333
2 1.25 37.65
2 1.5 37.20833333
2 1.75 36.65909091
2 2.0 35.82142857
2 2.25 35.40384615
2 2.5 34.45454545
2 2.75 34.13888889
2 3.0 33.65
2 3.25 33.02777778
2 3.5 32.38888889
2 3.75 32.20833333
2 4.0 31.57692308
2 4.25 31.09615385
2 4.5 30.666666669999998
2 4.75 30.17307692
2 5.0 29.65384615
2 5.25 28.90384615
2 5.5 28.53846154
2 5.75 28.36538462
2 6.0 27.88461538
2 6.25 27.25
2 6.5 27.11538462
2 6.75 26.78571429
2 7.0 26.07692308
2 7.25 25.86538462
2 7.5 25.69230769
2 7.75 25.17307692
2 8.0 24.833333330000002
2 8.25 24.25
2 8.5 23.88461538
2 8.75 23.55769231
2 9.0 23.38461538
2 9.25 23.05769231
2 9.5 22.75
2 9.75 22.208333330000002
2 10.0 21.821428570000002
2 10.25 21.59615385
2 10.5 21.21428571
2 10.75 20.98076923
2 11.0 20.38461538
2 11.25 20.01923077
2 11.5 19.57692308
2 11.75 19.36538462
2 12.0 18.857142860000003
2 12.25 19.0
2 12.5 18.15384615
2 12.75 18.01923077
2 13.0 17.73076923
2 13.25 17.416666669999998
2 13.5 16.65384615
2 13.75 16.59615385
2 14.0 15.84615385
2 14.25 15.40384615
2 14.5 15.0
2 14.75 14.642857139999997
2 15.0 14.0
2 15.25 13.75
2 15.5 13.5
2 15.75 13.321428570000002
2 16.0 12.535714290000001
2 16.25 12.25
2 16.5 11.96153846
2 16.75 11.55769231
2 17.0 11.26923077
2 17.25 10.94230769
2 17.5 10.19230769
2 17.75 10.0
2 18.0 9.61538462
2 18.25 9.214285709999999
2 18.5 8.535714290000001
3 0.0 40.25
3 0.25 39.6
3 0.5 39.25
3 0.75 39.0
3 1.0 38.04166667
3 1.25 37.46153846
3 1.5 37.59615385
3 1.75 37.07692308
3 2.0 36.32692308
3 2.25 36.15384615
3 2.5 35.48076923
3 2.75 35.04166667
3 3.0 34.48076923
3 3.25 34.14285714
3 3.5 32.63461538
3 3.75 33.28571429
3 4.0 32.75
3 4.25 32.53571429
3 4.5 32.01923077
3 4.75 31.678571429999998
3 5.0 30.86538462
3 5.25 29.57692308
3 5.5 29.63461538
3 5.75 29.30769231
3 6.0 28.28846154
3 6.25 28.26923077
3 6.5 28.05769231
3 6.75 27.678571429999998
3 7.0 27.03571429
3 7.25 26.42307692
3 7.5 25.90384615
3 7.75 25.73076923
3 8.0 25.36538462
3 8.25 25.208333330000002
3 8.5 24.416666669999998
3 8.75 24.19230769
3 9.0 23.90384615
3 9.25 23.57692308
3 9.5 23.13461538
3 9.75 22.65384615
3 10.0 22.357142860000003
3 10.25 22.19230769
3 10.5 21.75
3 10.75 21.42307692
3 11.0 21.11666667
3 11.25 20.61538462
3 11.5 20.36538462
3 11.75 20.03571429
3 12.0 19.71153846
3 12.25 19.34615385
3 12.5 19.36538462
3 12.75 18.53571429
3 13.0 18.458333330000002
3 13.25 18.142857139999997
3 13.5 17.678571429999998
3 13.75 17.53846154
3 14.0 17.32692308
3 14.25 16.76923077
3 14.5 15.98076923
3 14.75 15.69230769
3 15.0 15.36538462
3 15.25 14.84615385
3 15.5 14.55769231
3 15.75 14.03846154
3 16.0 13.63461538
3 16.25 13.035714290000001
4 0.0 39.5
4 0.25 39.0
4 0.5 38.58333333
4 0.75 38.25
4 1.0 37.76923077
4 1.25 37.28846154
4 1.5 36.88461538
4 1.75 36.20833333
4 2.0 35.85714286
4 2.25 35.17307692
4 2.5 35.0
4 2.75 34.59615385
4 3.0 34.04166667
4 3.25 33.36538462
4 3.5 32.84615385
4 3.75 32.36538462
4 4.0 32.07692308
4 4.25 31.678571429999998
4 4.5 31.25
4 4.75 30.40384615
4 5.0 30.03846154
4 5.25 29.51923077
4 5.5 29.19230769
4 5.75 28.642857139999997
4 6.0 28.571428570000002
4 6.25 27.78846154
4 6.5 27.46153846
4 6.75 27.321428570000002
4 7.0 26.69230769
4 7.25 26.25
4 7.5 25.76923077
4 7.75 25.59615385
4 8.0 25.15384615
4 8.25 24.678571429999998
4 8.5 24.357142860000003
4 8.75 24.071428570000002
4 9.0 23.65384615
4 9.25 23.583333330000002
4 9.5 22.96153846
4 9.75 22.78571429
4 10.0 22.28571429
4 10.25 22.03571429
4 10.5 21.57692308
4 10.75 21.32692308
4 11.0 20.96153846
4 11.25 20.51923077
4 11.5 20.26923077
4 11.75 20.107142860000003
4 12.0 19.5
4 12.25 19.44230769
4 12.5 19.11538462
4 12.75 19.05769231
4 13.0 18.38461538
4 13.25 17.892857139999997
4 13.5 17.19230769
5 0.0 39.0
5 0.25 38.65
5 0.5 37.75
5 0.75 37.98076923
5 1.0 36.64285714
5 1.25 36.44230769
5 1.5 36.03571429
5 1.75 35.71428571
5 2.0 35.26923077
5 2.25 34.63461538
5 2.5 34.19230769
5 2.75 33.75
5 3.0 33.20833333
5 3.25 32.71428571
5 3.5 32.32142857
5 3.75 31.82692308
5 4.0 31.23076923
5 4.25 30.75
5 4.5 30.03846154
5 4.75 29.71153846
5 5.0 29.34615385
5 5.25 28.94230769
5 5.5 28.30769231
5 5.75 27.892857139999997
5 6.0 27.84615385
5 6.25 27.48076923
5 6.5 26.75
5 6.75 26.392857139999997
5 7.0 26.15384615
5 7.25 25.75
5 7.5 25.38461538
5 7.75 24.82692308
5 8.0 24.5
5 8.25 24.25
5 8.5 23.65384615
5 8.75 23.642857139999997
5 9.0 23.071428570000002
5 9.25 22.59615385
5 9.5 22.30769231
5 9.75 22.28571429
5 10.0 21.57692308
5 10.25 21.67307692
5 10.5 21.125
5 10.75 20.44230769
5 11.0 20.25
5 11.25 19.892857139999997
5 11.5 19.571428570000002
6 0.0 39.0
6 0.25 38.75
6 0.5 39.75
6 0.75 37.75
6 1.0 37.66666667
6 1.25 37.8125
6 1.5 36.71428571
6 1.75 36.125
6 2.0 35.61111111
6 2.25 35.30555556
6 2.5 35.07142857
6 2.75 34.69444444
6 3.0 33.85
6 3.25 33.44230769
6 3.5 32.83333333
6 3.75 32.54166667
6 4.0 32.19230769
6 4.25 31.642857139999997
6 4.5 31.38461538
6 4.75 30.94230769
6 5.0 30.38461538
6 5.25 29.71153846
6 5.5 29.38461538
6 5.75 29.09615385
6 6.0 28.75
6 6.25 28.083333330000002
6 6.5 27.5
6 6.75 27.32692308
6 7.0 26.80769231
6 7.25 26.321428570000002
6 7.5 26.03846154
6 7.75 25.55769231
6 8.0 25.19230769
6 8.25 24.75
6 8.5 24.875
6 8.75 23.90384615
6 9.0 23.76923077
6 9.25 23.09615385
7 0.0 39.75
7 0.25 39.5
7 0.5 39.0
7 0.75 38.58333333
7 1.0 37.84615385
7 1.25 37.44230769
7 1.5 37.10714286
7 1.75 36.66666667
7 2.0 36.03846154
7 2.25 35.36538462
7 2.5 35.38461538
7 2.75 34.75
7 3.0 34.19230769
7 3.25 33.55769231
7 3.5 33.5
7 3.75 33.04166667
7 4.0 32.64285714
7 4.25 32.35714286
7 4.5 32.0
7 4.75 31.25
7 5.0 30.857142860000003
7 5.25 30.607142860000003
7 5.5 30.07692308
7 5.75 29.428571429999998
7 6.0 29.30769231
7 6.25 28.90384615
7 6.5 28.541666669999998
7 6.75 28.13461538
7 7.0 27.19230769
7 7.25 27.13461538
7 7.5 26.5
7 7.75 26.041666669999998
7 8.0 25.5
8 0.0 38.25
8 0.25 37.90909091
8 0.5 36.96428571
8 0.75 36.94444444
8 1.0 36.4
8 1.25 35.88888889
8 1.5 35.64285714
8 1.75 35.03571429
8 2.0 34.58333333
8 2.25 33.73076923
8 2.5 33.35
8 2.75 33.0
8 3.0 32.71153846
8 3.25 32.1
8 3.5 31.55769231
8 3.75 31.07692308
8 4.0 30.75
8 4.25 30.1
8 4.5 29.607142860000003
8 4.75 28.23076923
8 5.0 27.9
8 5.25 27.53846154
8 5.5 27.28846154
8 5.75 26.78571429
8 6.0 26.17307692
8 6.25 26.03571429
